0.000000000000000000e+00
0.000000000000000000e+00
0.000000000000000000e+00
-9.806017577648162842e-02
0.000000000000000000e+00
-3.514642715454101562e-01
-7.715025544166564941e-02
4.187946319580078125e-01
1.057936325669288635e-01
-3.564430773258209229e-02
3.262790739536285400e-01
6.012935563921928406e-02
3.762027621269226074e-02
3.585245907306671143e-01
2.138712108135223389e-01
-1.906778812408447266e-01
2.106004655361175537e-01
2.845464348793029785e-01
4.531420767307281494e-01
1.214498188346624374e-02
1.396858841180801392e-01
