0.000000000000000000e+00
0.000000000000000000e+00
0.000000000000000000e+00
-6.072660908102989197e-02
0.000000000000000000e+00
-1.612179279327392578e-01
-1.562333106994628906e-01
1.671948432922363281e-01
4.337789714336395264e-01
1.427232176065444946e-01
-1.662693321704864502e-01
-1.601407527923583984e-01
2.588061690330505371e-01
-1.943151466548442841e-02
-1.392322927713394165e-01
-4.208304882049560547e-01
-5.453021824359893799e-02
1.253314018249511719e-01
3.728260397911071777e-01
-4.583616554737091064e-01
-1.546537727117538452e-01
