0.000000000000000000e+00
0.000000000000000000e+00
0.000000000000000000e+00
-7.652346789836883545e-02
0.000000000000000000e+00
-1.055329069495201111e-01
3.973129689693450928e-01
-3.283453285694122314e-01
8.317822962999343872e-02
1.254962831735610962e-01
-6.308571100234985352e-01
-4.095296263694763184e-01
-5.509765818715095520e-02
1.066560149192810059e-01
5.960813164710998535e-02
1.856055483222007751e-02
8.159474283456802368e-02
1.096927672624588013e-01
1.103055328130722046e-01
-2.089009881019592285e-01
1.886080503463745117e-01
