0.000000000000000000e+00
0.000000000000000000e+00
0.000000000000000000e+00
-1.902897469699382782e-02
0.000000000000000000e+00
1.592902839183807373e-01
1.218452230095863342e-01
5.090739727020263672e-01
-2.774428129196166992e-01
2.976037263870239258e-01
-2.345702983438968658e-02
1.904590278863906860e-01
-4.815832972526550293e-01
-2.664368785917758942e-02
-2.697309255599975586e-01
-8.159111440181732178e-02
6.414401531219482422e-02
9.843529015779495239e-02
2.873954474925994873e-01
-2.982371449470520020e-01
9.808872826397418976e-03
