0.000000000000000000e+00
0.000000000000000000e+00
0.000000000000000000e+00
-2.598105929791927338e-02
0.000000000000000000e+00
-4.137028381228446960e-02
4.221005737781524658e-01
1.520602405071258545e-01
-5.115051865577697754e-01
-2.635868489742279053e-01
4.340821504592895508e-02
-2.593835592269897461e-01
-1.457251235842704773e-02
2.433874160051345825e-01
-3.073770105838775635e-01
1.046756803989410400e-01
-1.792758256196975708e-01
2.036229372024536133e-01
-5.449294298887252808e-02
-3.118308782577514648e-01
-2.376442998647689819e-01
