0.000000000000000000e+00
0.000000000000000000e+00
0.000000000000000000e+00
2.860823459923267365e-02
0.000000000000000000e+00
-2.279623150825500488e-01
-5.393332242965698242e-01
3.038915395736694336e-01
2.529974468052387238e-02
2.499907314777374268e-01
2.180595397949218750e-01
-3.253169357776641846e-01
2.560788691043853760e-01
5.032888147979974747e-03
-2.285640686750411987e-01
2.478751391172409058e-01
3.330817818641662598e-01
-1.727875322103500366e-01
1.466492712497711182e-01
7.465754449367523193e-02
-8.660583756864070892e-03
