0.000000000000000000e+00
0.000000000000000000e+00
0.000000000000000000e+00
4.214766919612884521e-01
0.000000000000000000e+00
-2.893249988555908203e-01
3.863579630851745605e-01
-2.966582961380481720e-02
1.547372192144393921e-01
-4.537932574748992920e-02
3.188517391681671143e-01
-4.224982857704162598e-02
-1.221528835594654083e-02
-1.275520175695419312e-01
-2.335685938596725464e-01
3.882588818669319153e-02
5.104229450225830078e-01
1.047199219465255737e-01
8.869001641869544983e-03
-2.745305597782135010e-01
1.967573761940002441e-01
