0.000000000000000000e+00
0.000000000000000000e+00
0.000000000000000000e+00
-3.564723953604698181e-02
0.000000000000000000e+00
-2.254941612482070923e-01
-1.471586674451828003e-01
3.749218583106994629e-02
-2.588784694671630859e-01
-1.791586279869079590e-01
-5.506919026374816895e-01
-1.700072586536407471e-01
1.283907592296600342e-01
1.971391737461090088e-01
2.069437131285667419e-02
1.051279604434967041e-01
-4.646581411361694336e-01
-2.749322354793548584e-01
3.573839366436004639e-02
1.451095789670944214e-01
3.352147340774536133e-01
