0.000000000000000000e+00
0.000000000000000000e+00
0.000000000000000000e+00
-5.498003959655761719e-02
0.000000000000000000e+00
2.997266948223114014e-01
1.131862103939056396e-01
-3.016063272953033447e-01
-3.430697694420814514e-02
-1.449334435164928436e-02
1.084043681621551514e-01
2.990179061889648438e-01
5.137023329734802246e-01
-9.622891992330551147e-02
-4.001203775405883789e-01
-1.350449323654174805e-01
-3.298740983009338379e-01
3.410112559795379639e-01
6.471455842256546021e-02
1.407976895570755005e-01
-3.857492702081799507e-03
