0.000000000000000000e+00
0.000000000000000000e+00
0.000000000000000000e+00
1.959153562784194946e-01
0.000000000000000000e+00
3.302759528160095215e-01
3.790414333343505859e-01
3.499521687626838684e-02
4.924439787864685059e-01
1.410128027200698853e-01
3.955637514591217041e-01
9.794437885284423828e-02
-3.088759630918502808e-02
2.351486235857009888e-01
-2.950266301631927490e-01
-2.699494361877441406e-01
-9.680245071649551392e-02
-1.016947552561759949e-01
1.381511837244033813e-01
1.517611443996429443e-01
1.718113198876380920e-02
